{
 "cells": [
  {
   "cell_type": "markdown",
   "metadata": {},
   "source": [
    "# Cameron Stewart\n",
    "# HW 6"
   ]
  },
  {
   "cell_type": "markdown",
   "metadata": {},
   "source": [
    "## 1.\tEvaluate text similarity of Amazon book search results by doing the following:\n",
    "-\tDo a book search on Amazon via the search box. Manually copy the full book title (including subtitle) of each of the top 24 books listed in the first two pages of search results. \n",
    "-\tIn Python, run one of the text-similarity measures covered in this course, e.g., cosine similarity. Compare each of the book titles, pairwise, to every other one. \n",
    "-\tWhich two titles are the most similar to each other? Which are the most dissimilar? Where do they rank, among the first 24 results?\n"
   ]
  },
  {
   "cell_type": "code",
   "execution_count": 1,
   "metadata": {},
   "outputs": [],
   "source": [
    "#Load Required Libraries\n",
    "import spacy\n",
    "import numpy as np\n",
    "from scipy.stats import rankdata"
   ]
  },
  {
   "cell_type": "markdown",
   "metadata": {},
   "source": [
    "Loaded list of top book picks for me on Amazon. I manually copied the full book title of each of the top 24 books listed."
   ]
  },
  {
   "cell_type": "code",
   "execution_count": 2,
   "metadata": {},
   "outputs": [
    {
     "name": "stdout",
     "output_type": "stream",
     "text": [
      "(1, 'My Killer Vacation')\n",
      "(2, 'Love on the Brain')\n",
      "(3, \"Los niños de Irena / Irena's Children: The extraordinary Story of the Woman Who Saved 2.500 Children from the Warsaw Ghetto (Spanish Edition)\")\n",
      "(4, 'Las montañas de Buda (OTROS LIB. EN EXISTENCIAS S.BARRAL) (Spanish Edition)')\n",
      "(5, 'Muchas vidas, muchos sabios')\n",
      "(6, 'La bailarina de Auschwitz: Una inspiradora historia de valentía y supervivencia (No Ficción) (Spanish Edition)')\n",
      "(7, \"Text Analytics with Python: A Practitioner's Guide to Natural Language Processing\")\n",
      "(8, 'R for Data Science: Import, Tidy, Transform, Visualize, and Model Data')\n",
      "(9, 'You Had Me at Hola: A Novel')\n",
      "(10, 'Wanna Bet?: An Interracial Romance (Dirty British Romance)')\n",
      "(11, 'His & Hers: A Novel')\n",
      "(12, 'Just Last Night: A Novel')\n",
      "(13, 'The Soulmate Equation')\n",
      "(14, 'Rock Paper Scissors: A Novel')\n",
      "(15, 'Designing Data-Intensive Applications: The Big Ideas Behind Reliable, Scalable, and Maintainable Systems')\n",
      "(16, 'Python Crash Course, 2nd Edition: A Hands-On, Project-Based Introduction to Programming')\n",
      "(17, 'Storytelling with Data: A Data Visualization Guide for Business Professionals')\n",
      "(18, 'Behind Closed Doors: A Novel')\n",
      "(19, 'Everything for You (Bergman Brothers Book 5)')\n",
      "(20, 'Book Lovers')\n",
      "(21, 'The Family Upstairs: A Novel')\n",
      "(22, 'My Favorite Half-Night Stand')\n",
      "(23, 'The Missed Connection')\n",
      "(24, 'The Bride Test')\n"
     ]
    }
   ],
   "source": [
    "#Collect top 24 recommended book's titels on Amazon and print\n",
    "books=['My Killer Vacation', 'Love on the Brain', \n",
    "       \"Los niños de Irena / Irena's Children: The extraordinary Story of the Woman Who Saved 2.500 Children from the Warsaw Ghetto (Spanish Edition)\", \n",
    "       'Las montañas de Buda (OTROS LIB. EN EXISTENCIAS S.BARRAL) (Spanish Edition)', 'Muchas vidas, muchos sabios', \n",
    "       'La bailarina de Auschwitz: Una inspiradora historia de valentía y supervivencia (No Ficción) (Spanish Edition)', \n",
    "       \"Text Analytics with Python: A Practitioner's Guide to Natural Language Processing\", \n",
    "       'R for Data Science: Import, Tidy, Transform, Visualize, and Model Data', 'You Had Me at Hola: A Novel', \n",
    "       'Wanna Bet?: An Interracial Romance (Dirty British Romance)', 'His & Hers: A Novel', 'Just Last Night: A Novel', \n",
    "       'The Soulmate Equation', 'Rock Paper Scissors: A Novel', 'Designing Data-Intensive Applications: The Big Ideas Behind Reliable, Scalable, and Maintainable Systems', \n",
    "       'Python Crash Course, 2nd Edition: A Hands-On, Project-Based Introduction to Programming', 'Storytelling with Data: A Data Visualization Guide for Business Professionals', \n",
    "       'Behind Closed Doors: A Novel', 'Everything for You (Bergman Brothers Book 5)', 'Book Lovers', \n",
    "       'The Family Upstairs: A Novel', 'My Favorite Half-Night Stand', 'The Missed Connection', 'The Bride Test']\n",
    "\n",
    "print(*enumerate(books,1),sep='\\n')"
   ]
  },
  {
   "cell_type": "markdown",
   "metadata": {},
   "source": [
    "Using spacy, I performed a pairwise comparison of all book titles based on cosine similarity. I stored the results in a numpy array where the books are in the same order for rows and columns. I removed the stop words from each of the book titles in order to make the comparison based on more contextual words. I also lemmatized the text to find the base version of each word."
   ]
  },
  {
   "cell_type": "code",
   "execution_count": 3,
   "metadata": {},
   "outputs": [
    {
     "name": "stdout",
     "output_type": "stream",
     "text": [
      "[[ 1.      0.4571  0.4388  0.2191 -0.0097  0.1936  0.3029  0.3511  0.219\n",
      "   0.476   0.2141  0.3804  0.23    0.3195  0.2924  0.3864  0.3076  0.2915\n",
      "   0.3179  0.4374  0.4472  0.4808  0.4042  0.3757]\n",
      " [ 0.4571  1.      0.4583  0.1975 -0.0219  0.1971  0.4559  0.495   0.3464\n",
      "   0.5591  0.3523  0.4682  0.3392  0.5045  0.4119  0.4962  0.4211  0.4083\n",
      "   0.3833  0.5151  0.4911  0.5398  0.4608  0.4434]\n",
      " [ 0.4388  0.4583  1.      0.6727  0.1708  0.6611  0.4032  0.3917  0.441\n",
      "   0.6511  0.3383  0.4609  0.1858  0.4305  0.2842  0.4827  0.3102  0.4193\n",
      "   0.5958  0.4626  0.4885  0.4728  0.2928  0.3975]\n",
      " [ 0.2191  0.1975  0.6727  1.      0.3372  0.8678  0.2847  0.2882  0.3098\n",
      "   0.4653  0.1894  0.2168  0.0699  0.2332  0.1922  0.3824  0.1855  0.203\n",
      "   0.5276  0.2109  0.2065  0.2667  0.1638  0.1898]\n",
      " [-0.0097 -0.0219  0.1708  0.3372  1.      0.3107 -0.1264 -0.0525  0.1974\n",
      "  -0.0192 -0.2139 -0.1637  0.0536 -0.104  -0.0762 -0.1693 -0.1333 -0.2052\n",
      "  -0.0581 -0.064  -0.1048 -0.1979 -0.1161 -0.0979]\n",
      " [ 0.1936  0.1971  0.6611  0.8678  0.3107  1.      0.2447  0.2595  0.3961\n",
      "   0.4224  0.2629  0.2827  0.0764  0.2614  0.1423  0.349   0.1814  0.2486\n",
      "   0.4779  0.1986  0.2351  0.2373  0.1231  0.1608]\n",
      " [ 0.3029  0.4559  0.4032  0.2847 -0.1264  0.2447  1.      0.7039  0.2992\n",
      "   0.4154  0.3504  0.3697  0.2463  0.452   0.7047  0.6815  0.7919  0.4098\n",
      "   0.3228  0.4036  0.3694  0.3224  0.3812  0.424 ]\n",
      " [ 0.3511  0.495   0.3917  0.2882 -0.0525  0.2595  0.7039  1.      0.2795\n",
      "   0.5176  0.4072  0.4206  0.311   0.4914  0.8065  0.7261  0.7812  0.466\n",
      "   0.3835  0.378   0.4648  0.4397  0.4625  0.4333]\n",
      " [ 0.219   0.3464  0.441   0.3098  0.1974  0.3961  0.2992  0.2795  1.\n",
      "   0.4798  0.6267  0.7009  0.1814  0.5251  0.2413  0.3626  0.2612  0.5635\n",
      "   0.3628  0.4037  0.5953  0.2179  0.1503  0.2398]\n",
      " [ 0.476   0.5591  0.6511  0.4653 -0.0192  0.4224  0.4154  0.5176  0.4798\n",
      "   1.      0.4897  0.5879  0.324   0.5625  0.3807  0.5588  0.3601  0.5269\n",
      "   0.6183  0.5874  0.5728  0.6011  0.4172  0.4782]\n",
      " [ 0.2141  0.3523  0.3383  0.1894 -0.2139  0.2629  0.3504  0.4072  0.6267\n",
      "   0.4897  1.      0.7765  0.0051  0.6079  0.382   0.5107  0.411   0.6757\n",
      "   0.493   0.497   0.6975  0.3489  0.2106  0.2285]\n",
      " [ 0.3804  0.4682  0.4609  0.2168 -0.1637  0.2827  0.3697  0.4206  0.7009\n",
      "   0.5879  0.7765  1.      0.1163  0.6654  0.3866  0.5775  0.4059  0.7797\n",
      "   0.5298  0.5578  0.8047  0.612   0.3749  0.369 ]\n",
      " [ 0.23    0.3392  0.1858  0.0699  0.0536  0.0764  0.2463  0.311   0.1814\n",
      "   0.324   0.0051  0.1163  1.      0.1371  0.1956  0.1355  0.228   0.0969\n",
      "   0.1462  0.2487  0.1573  0.1895  0.2805  0.3344]\n",
      " [ 0.3195  0.5045  0.4305  0.2332 -0.104   0.2614  0.452   0.4914  0.5251\n",
      "   0.5625  0.6079  0.6654  0.1371  1.      0.4383  0.55    0.4311  0.6328\n",
      "   0.4815  0.5465  0.6083  0.5043  0.2675  0.3817]\n",
      " [ 0.2924  0.4119  0.2842  0.1922 -0.0762  0.1423  0.7047  0.8065  0.2413\n",
      "   0.3807  0.382   0.3866  0.1956  0.4383  1.      0.7119  0.7863  0.4477\n",
      "   0.2639  0.3166  0.4202  0.4143  0.4169  0.3778]\n",
      " [ 0.3864  0.4962  0.4827  0.3824 -0.1693  0.349   0.6815  0.7261  0.3626\n",
      "   0.5588  0.5107  0.5775  0.1355  0.55    0.7119  1.      0.6216  0.5888\n",
      "   0.5079  0.4971  0.5343  0.653   0.5045  0.4304]\n",
      " [ 0.3076  0.4211  0.3102  0.1855 -0.1333  0.1814  0.7919  0.7812  0.2612\n",
      "   0.3601  0.411   0.4059  0.228   0.4311  0.7863  0.6216  1.      0.4159\n",
      "   0.2781  0.4038  0.4195  0.3368  0.4106  0.3623]\n",
      " [ 0.2915  0.4083  0.4193  0.203  -0.2052  0.2486  0.4098  0.466   0.5635\n",
      "   0.5269  0.6757  0.7797  0.0969  0.6328  0.4477  0.5888  0.4159  1.\n",
      "   0.4664  0.4752  0.7597  0.5279  0.3852  0.3256]\n",
      " [ 0.3179  0.3833  0.5958  0.5276 -0.0581  0.4779  0.3228  0.3835  0.3628\n",
      "   0.6183  0.493   0.5298  0.1462  0.4815  0.2639  0.5079  0.2781  0.4664\n",
      "   1.      0.5036  0.5336  0.5227  0.3267  0.3312]\n",
      " [ 0.4374  0.5151  0.4626  0.2109 -0.064   0.1986  0.4036  0.378   0.4037\n",
      "   0.5874  0.497   0.5578  0.2487  0.5465  0.3166  0.4971  0.4038  0.4752\n",
      "   0.5036  1.      0.5735  0.5353  0.3246  0.3644]\n",
      " [ 0.4472  0.4911  0.4885  0.2065 -0.1048  0.2351  0.3694  0.4648  0.5953\n",
      "   0.5728  0.6975  0.8047  0.1573  0.6083  0.4202  0.5343  0.4195  0.7597\n",
      "   0.5336  0.5735  1.      0.5412  0.3963  0.4004]\n",
      " [ 0.4808  0.5398  0.4728  0.2667 -0.1979  0.2373  0.3224  0.4397  0.2179\n",
      "   0.6011  0.3489  0.612   0.1895  0.5043  0.4143  0.653   0.3368  0.5279\n",
      "   0.5227  0.5353  0.5412  1.      0.5183  0.4282]\n",
      " [ 0.4042  0.4608  0.2928  0.1638 -0.1161  0.1231  0.3812  0.4625  0.1503\n",
      "   0.4172  0.2106  0.3749  0.2805  0.2675  0.4169  0.5045  0.4106  0.3852\n",
      "   0.3267  0.3246  0.3963  0.5183  1.      0.3649]\n",
      " [ 0.3757  0.4434  0.3975  0.1898 -0.0979  0.1608  0.424   0.4333  0.2398\n",
      "   0.4782  0.2285  0.369   0.3344  0.3817  0.3778  0.4304  0.3623  0.3256\n",
      "   0.3312  0.3644  0.4004  0.4282  0.3649  1.    ]]\n"
     ]
    }
   ],
   "source": [
    "#Load spacy tools\n",
    "nlp = spacy.load(\"en_core_web_lg\")\n",
    "\n",
    "#Create numpy array with required shape filled with zeros and suppress exponential notation\n",
    "np.set_printoptions(suppress=True)\n",
    "book_comparison=np.zeros((len(books),len(books)))\n",
    "\n",
    "#Fill numpy array with similarity values\n",
    "#Books are in same in order for rows and columns\n",
    "#Resulting array is symmetrical and the diagonals will all be 1\n",
    "for i,b1 in enumerate(books):\n",
    "    for j,b2 in enumerate(books):\n",
    "        compared_from = nlp(b1)\n",
    "        compared_to = nlp(b2)\n",
    "\n",
    "        compared_from_no_stop_words = nlp(' '.join([str(t.lemma_) for t in compared_from if not t.is_stop]))\n",
    "        compared_to_no_stop_words = nlp(' '.join([str(t.lemma_) for t in compared_to if not t.is_stop]))\n",
    "\n",
    "        book_comparison[i,j]=round(compared_from_no_stop_words.similarity(compared_to_no_stop_words),4)\n",
    "\n",
    "print(book_comparison)"
   ]
  },
  {
   "cell_type": "markdown",
   "metadata": {},
   "source": [
    "Outputted the results of the most and least similar book titles along with their relative result positions on the Amazon page."
   ]
  },
  {
   "cell_type": "code",
   "execution_count": 4,
   "metadata": {},
   "outputs": [
    {
     "name": "stdout",
     "output_type": "stream",
     "text": [
      "Books that are least similar: Muchas vidas, muchos sabios AND His & Hers: A Novel\n",
      "Minimum Similarity Score: -0.2139\n",
      "Search result position: 5 AND 11 \n",
      "\n",
      "Books that are most similar: Las montañas de Buda (OTROS LIB. EN EXISTENCIAS S.BARRAL) (Spanish Edition) AND La bailarina de Auschwitz: Una inspiradora historia de valentía y supervivencia (No Ficción) (Spanish Edition)\n",
      "Maximum Similarity Score: 0.8678\n",
      "Search result position: 4 AND 6\n"
     ]
    }
   ],
   "source": [
    "#Finding least similar first because diagonal is 1\n",
    "min_val_row,min_val_col = np.unravel_index(book_comparison.argmin(), book_comparison.shape)\n",
    "print('Books that are least similar:',books[min_val_row],'AND',books[min_val_col])\n",
    "print('Minimum Similarity Score:',book_comparison[min_val_row,min_val_col])\n",
    "print('Search result position:',min_val_row+1,'AND', min_val_col+1,'\\n')\n",
    "\n",
    "#Replace diagonal with zero and find most similar\n",
    "np.fill_diagonal(book_comparison, 0)\n",
    "max_val_row,max_val_col = np.unravel_index(book_comparison.argmax(), book_comparison.shape)\n",
    "print('Books that are most similar:',books[max_val_row],'AND',books[max_val_col])\n",
    "print('Maximum Similarity Score:',book_comparison[max_val_row,max_val_col])\n",
    "print('Search result position:',max_val_row+1,'AND', max_val_col+1)"
   ]
  },
  {
   "cell_type": "markdown",
   "metadata": {},
   "source": [
    "Create ordered list of all similarity scores in order from most similar to least similar (lower value means lower similarity)."
   ]
  },
  {
   "cell_type": "code",
   "execution_count": 5,
   "metadata": {},
   "outputs": [
    {
     "name": "stdout",
     "output_type": "stream",
     "text": [
      "Ordered list of every pairwise comparison:\n",
      "[1, 'Sim Score: 0.8678', 'Book Title: La bailarina de Auschwitz: Una inspiradora historia de valentía y supervivencia (No Ficción) (Spanish Edition)', 'Book Title: Las montañas de Buda (OTROS LIB. EN EXISTENCIAS S.BARRAL) (Spanish Edition)']\n",
      "\n",
      "[2, 'Sim Score: 0.8065', 'Book Title: Designing Data-Intensive Applications: The Big Ideas Behind Reliable, Scalable, and Maintainable Systems', 'Book Title: R for Data Science: Import, Tidy, Transform, Visualize, and Model Data']\n",
      "\n",
      "[3, 'Sim Score: 0.8047', 'Book Title: The Family Upstairs: A Novel', 'Book Title: Just Last Night: A Novel']\n",
      "\n",
      "[4, 'Sim Score: 0.7919', 'Book Title: Storytelling with Data: A Data Visualization Guide for Business Professionals', \"Book Title: Text Analytics with Python: A Practitioner's Guide to Natural Language Processing\"]\n",
      "\n",
      "[5, 'Sim Score: 0.7863', 'Book Title: Storytelling with Data: A Data Visualization Guide for Business Professionals', 'Book Title: Designing Data-Intensive Applications: The Big Ideas Behind Reliable, Scalable, and Maintainable Systems']\n",
      "\n",
      "[6, 'Sim Score: 0.7812', 'Book Title: Storytelling with Data: A Data Visualization Guide for Business Professionals', 'Book Title: R for Data Science: Import, Tidy, Transform, Visualize, and Model Data']\n",
      "\n",
      "[7, 'Sim Score: 0.7797', 'Book Title: Behind Closed Doors: A Novel', 'Book Title: Just Last Night: A Novel']\n",
      "\n",
      "[8, 'Sim Score: 0.7765', 'Book Title: Just Last Night: A Novel', 'Book Title: His & Hers: A Novel']\n",
      "\n",
      "[9, 'Sim Score: 0.7597', 'Book Title: The Family Upstairs: A Novel', 'Book Title: Behind Closed Doors: A Novel']\n",
      "\n",
      "[10, 'Sim Score: 0.7261', 'Book Title: Python Crash Course, 2nd Edition: A Hands-On, Project-Based Introduction to Programming', 'Book Title: R for Data Science: Import, Tidy, Transform, Visualize, and Model Data']\n",
      "\n",
      "[11, 'Sim Score: 0.7119', 'Book Title: Python Crash Course, 2nd Edition: A Hands-On, Project-Based Introduction to Programming', 'Book Title: Designing Data-Intensive Applications: The Big Ideas Behind Reliable, Scalable, and Maintainable Systems']\n",
      "\n",
      "[12, 'Sim Score: 0.7047', 'Book Title: Designing Data-Intensive Applications: The Big Ideas Behind Reliable, Scalable, and Maintainable Systems', \"Book Title: Text Analytics with Python: A Practitioner's Guide to Natural Language Processing\"]\n",
      "\n",
      "[13, 'Sim Score: 0.7039', 'Book Title: R for Data Science: Import, Tidy, Transform, Visualize, and Model Data', \"Book Title: Text Analytics with Python: A Practitioner's Guide to Natural Language Processing\"]\n",
      "\n",
      "[14, 'Sim Score: 0.7009', 'Book Title: Just Last Night: A Novel', 'Book Title: You Had Me at Hola: A Novel']\n",
      "\n",
      "[15, 'Sim Score: 0.6975', 'Book Title: The Family Upstairs: A Novel', 'Book Title: His & Hers: A Novel']\n",
      "\n",
      "[16, 'Sim Score: 0.6815', 'Book Title: Python Crash Course, 2nd Edition: A Hands-On, Project-Based Introduction to Programming', \"Book Title: Text Analytics with Python: A Practitioner's Guide to Natural Language Processing\"]\n",
      "\n",
      "[17, 'Sim Score: 0.6757', 'Book Title: Behind Closed Doors: A Novel', 'Book Title: His & Hers: A Novel']\n",
      "\n",
      "[18, 'Sim Score: 0.6727', 'Book Title: Las montañas de Buda (OTROS LIB. EN EXISTENCIAS S.BARRAL) (Spanish Edition)', \"Book Title: Los niños de Irena / Irena's Children: The extraordinary Story of the Woman Who Saved 2.500 Children from the Warsaw Ghetto (Spanish Edition)\"]\n",
      "\n",
      "[19, 'Sim Score: 0.6654', 'Book Title: Rock Paper Scissors: A Novel', 'Book Title: Just Last Night: A Novel']\n",
      "\n",
      "[20, 'Sim Score: 0.6611', 'Book Title: La bailarina de Auschwitz: Una inspiradora historia de valentía y supervivencia (No Ficción) (Spanish Edition)', \"Book Title: Los niños de Irena / Irena's Children: The extraordinary Story of the Woman Who Saved 2.500 Children from the Warsaw Ghetto (Spanish Edition)\"]\n",
      "\n",
      "[21, 'Sim Score: 0.653', 'Book Title: My Favorite Half-Night Stand', 'Book Title: Python Crash Course, 2nd Edition: A Hands-On, Project-Based Introduction to Programming']\n",
      "\n",
      "[22, 'Sim Score: 0.6511', 'Book Title: Wanna Bet?: An Interracial Romance (Dirty British Romance)', \"Book Title: Los niños de Irena / Irena's Children: The extraordinary Story of the Woman Who Saved 2.500 Children from the Warsaw Ghetto (Spanish Edition)\"]\n",
      "\n",
      "[23, 'Sim Score: 0.6328', 'Book Title: Behind Closed Doors: A Novel', 'Book Title: Rock Paper Scissors: A Novel']\n",
      "\n",
      "[24, 'Sim Score: 0.6267', 'Book Title: His & Hers: A Novel', 'Book Title: You Had Me at Hola: A Novel']\n",
      "\n",
      "[25, 'Sim Score: 0.6216', 'Book Title: Storytelling with Data: A Data Visualization Guide for Business Professionals', 'Book Title: Python Crash Course, 2nd Edition: A Hands-On, Project-Based Introduction to Programming']\n",
      "\n",
      "[26, 'Sim Score: 0.6183', 'Book Title: Everything for You (Bergman Brothers Book 5)', 'Book Title: Wanna Bet?: An Interracial Romance (Dirty British Romance)']\n",
      "\n",
      "[27, 'Sim Score: 0.612', 'Book Title: My Favorite Half-Night Stand', 'Book Title: Just Last Night: A Novel']\n",
      "\n",
      "[28, 'Sim Score: 0.6083', 'Book Title: The Family Upstairs: A Novel', 'Book Title: Rock Paper Scissors: A Novel']\n",
      "\n",
      "[29, 'Sim Score: 0.6079', 'Book Title: Rock Paper Scissors: A Novel', 'Book Title: His & Hers: A Novel']\n",
      "\n",
      "[30, 'Sim Score: 0.6011', 'Book Title: My Favorite Half-Night Stand', 'Book Title: Wanna Bet?: An Interracial Romance (Dirty British Romance)']\n",
      "\n",
      "[31, 'Sim Score: 0.5958', 'Book Title: Everything for You (Bergman Brothers Book 5)', \"Book Title: Los niños de Irena / Irena's Children: The extraordinary Story of the Woman Who Saved 2.500 Children from the Warsaw Ghetto (Spanish Edition)\"]\n",
      "\n",
      "[32, 'Sim Score: 0.5953', 'Book Title: The Family Upstairs: A Novel', 'Book Title: You Had Me at Hola: A Novel']\n",
      "\n",
      "[33, 'Sim Score: 0.5888', 'Book Title: Behind Closed Doors: A Novel', 'Book Title: Python Crash Course, 2nd Edition: A Hands-On, Project-Based Introduction to Programming']\n",
      "\n",
      "[34, 'Sim Score: 0.5879', 'Book Title: Just Last Night: A Novel', 'Book Title: Wanna Bet?: An Interracial Romance (Dirty British Romance)']\n",
      "\n",
      "[35, 'Sim Score: 0.5874', 'Book Title: Book Lovers', 'Book Title: Wanna Bet?: An Interracial Romance (Dirty British Romance)']\n",
      "\n",
      "[36, 'Sim Score: 0.5775', 'Book Title: Python Crash Course, 2nd Edition: A Hands-On, Project-Based Introduction to Programming', 'Book Title: Just Last Night: A Novel']\n",
      "\n",
      "[37, 'Sim Score: 0.5735', 'Book Title: The Family Upstairs: A Novel', 'Book Title: Book Lovers']\n",
      "\n",
      "[38, 'Sim Score: 0.5728', 'Book Title: The Family Upstairs: A Novel', 'Book Title: Wanna Bet?: An Interracial Romance (Dirty British Romance)']\n",
      "\n",
      "[39, 'Sim Score: 0.5635', 'Book Title: Behind Closed Doors: A Novel', 'Book Title: You Had Me at Hola: A Novel']\n",
      "\n",
      "[40, 'Sim Score: 0.5625', 'Book Title: Rock Paper Scissors: A Novel', 'Book Title: Wanna Bet?: An Interracial Romance (Dirty British Romance)']\n",
      "\n",
      "[41, 'Sim Score: 0.5591', 'Book Title: Wanna Bet?: An Interracial Romance (Dirty British Romance)', 'Book Title: Love on the Brain']\n",
      "\n",
      "[42, 'Sim Score: 0.5588', 'Book Title: Python Crash Course, 2nd Edition: A Hands-On, Project-Based Introduction to Programming', 'Book Title: Wanna Bet?: An Interracial Romance (Dirty British Romance)']\n",
      "\n",
      "[43, 'Sim Score: 0.5578', 'Book Title: Book Lovers', 'Book Title: Just Last Night: A Novel']\n",
      "\n",
      "[44, 'Sim Score: 0.55', 'Book Title: Python Crash Course, 2nd Edition: A Hands-On, Project-Based Introduction to Programming', 'Book Title: Rock Paper Scissors: A Novel']\n",
      "\n",
      "[45, 'Sim Score: 0.5465', 'Book Title: Book Lovers', 'Book Title: Rock Paper Scissors: A Novel']\n",
      "\n",
      "[46, 'Sim Score: 0.5412', 'Book Title: My Favorite Half-Night Stand', 'Book Title: The Family Upstairs: A Novel']\n",
      "\n",
      "[47, 'Sim Score: 0.5398', 'Book Title: My Favorite Half-Night Stand', 'Book Title: Love on the Brain']\n",
      "\n",
      "[48, 'Sim Score: 0.5353', 'Book Title: My Favorite Half-Night Stand', 'Book Title: Book Lovers']\n",
      "\n",
      "[49, 'Sim Score: 0.5343', 'Book Title: The Family Upstairs: A Novel', 'Book Title: Python Crash Course, 2nd Edition: A Hands-On, Project-Based Introduction to Programming']\n",
      "\n",
      "[50, 'Sim Score: 0.5336', 'Book Title: The Family Upstairs: A Novel', 'Book Title: Everything for You (Bergman Brothers Book 5)']\n",
      "\n",
      "[51, 'Sim Score: 0.5298', 'Book Title: Everything for You (Bergman Brothers Book 5)', 'Book Title: Just Last Night: A Novel']\n",
      "\n",
      "[52, 'Sim Score: 0.5279', 'Book Title: My Favorite Half-Night Stand', 'Book Title: Behind Closed Doors: A Novel']\n",
      "\n",
      "[53, 'Sim Score: 0.5276', 'Book Title: Everything for You (Bergman Brothers Book 5)', 'Book Title: Las montañas de Buda (OTROS LIB. EN EXISTENCIAS S.BARRAL) (Spanish Edition)']\n",
      "\n",
      "[54, 'Sim Score: 0.5269', 'Book Title: Behind Closed Doors: A Novel', 'Book Title: Wanna Bet?: An Interracial Romance (Dirty British Romance)']\n",
      "\n",
      "[55, 'Sim Score: 0.5251', 'Book Title: Rock Paper Scissors: A Novel', 'Book Title: You Had Me at Hola: A Novel']\n",
      "\n",
      "[56, 'Sim Score: 0.5227', 'Book Title: My Favorite Half-Night Stand', 'Book Title: Everything for You (Bergman Brothers Book 5)']\n",
      "\n",
      "[57, 'Sim Score: 0.5183', 'Book Title: The Missed Connection', 'Book Title: My Favorite Half-Night Stand']\n",
      "\n",
      "[58, 'Sim Score: 0.5176', 'Book Title: Wanna Bet?: An Interracial Romance (Dirty British Romance)', 'Book Title: R for Data Science: Import, Tidy, Transform, Visualize, and Model Data']\n",
      "\n",
      "[59, 'Sim Score: 0.5151', 'Book Title: Book Lovers', 'Book Title: Love on the Brain']\n",
      "\n",
      "[60, 'Sim Score: 0.5107', 'Book Title: Python Crash Course, 2nd Edition: A Hands-On, Project-Based Introduction to Programming', 'Book Title: His & Hers: A Novel']\n",
      "\n",
      "[61, 'Sim Score: 0.5079', 'Book Title: Everything for You (Bergman Brothers Book 5)', 'Book Title: Python Crash Course, 2nd Edition: A Hands-On, Project-Based Introduction to Programming']\n",
      "\n",
      "[62, 'Sim Score: 0.5045', 'Book Title: Rock Paper Scissors: A Novel', 'Book Title: Love on the Brain']\n",
      "\n",
      "[62, 'Sim Score: 0.5045', 'Book Title: The Missed Connection', 'Book Title: Python Crash Course, 2nd Edition: A Hands-On, Project-Based Introduction to Programming']\n",
      "\n",
      "[63, 'Sim Score: 0.5043', 'Book Title: My Favorite Half-Night Stand', 'Book Title: Rock Paper Scissors: A Novel']\n",
      "\n",
      "[64, 'Sim Score: 0.5036', 'Book Title: Book Lovers', 'Book Title: Everything for You (Bergman Brothers Book 5)']\n",
      "\n",
      "[65, 'Sim Score: 0.4971', 'Book Title: Book Lovers', 'Book Title: Python Crash Course, 2nd Edition: A Hands-On, Project-Based Introduction to Programming']\n",
      "\n",
      "[66, 'Sim Score: 0.497', 'Book Title: Book Lovers', 'Book Title: His & Hers: A Novel']\n",
      "\n",
      "[67, 'Sim Score: 0.4962', 'Book Title: Python Crash Course, 2nd Edition: A Hands-On, Project-Based Introduction to Programming', 'Book Title: Love on the Brain']\n",
      "\n",
      "[68, 'Sim Score: 0.495', 'Book Title: R for Data Science: Import, Tidy, Transform, Visualize, and Model Data', 'Book Title: Love on the Brain']\n",
      "\n",
      "[69, 'Sim Score: 0.493', 'Book Title: Everything for You (Bergman Brothers Book 5)', 'Book Title: His & Hers: A Novel']\n",
      "\n",
      "[70, 'Sim Score: 0.4914', 'Book Title: Rock Paper Scissors: A Novel', 'Book Title: R for Data Science: Import, Tidy, Transform, Visualize, and Model Data']\n",
      "\n",
      "[71, 'Sim Score: 0.4911', 'Book Title: The Family Upstairs: A Novel', 'Book Title: Love on the Brain']\n",
      "\n",
      "[72, 'Sim Score: 0.4897', 'Book Title: His & Hers: A Novel', 'Book Title: Wanna Bet?: An Interracial Romance (Dirty British Romance)']\n",
      "\n",
      "[73, 'Sim Score: 0.4885', 'Book Title: The Family Upstairs: A Novel', \"Book Title: Los niños de Irena / Irena's Children: The extraordinary Story of the Woman Who Saved 2.500 Children from the Warsaw Ghetto (Spanish Edition)\"]\n",
      "\n",
      "[74, 'Sim Score: 0.4827', 'Book Title: Python Crash Course, 2nd Edition: A Hands-On, Project-Based Introduction to Programming', \"Book Title: Los niños de Irena / Irena's Children: The extraordinary Story of the Woman Who Saved 2.500 Children from the Warsaw Ghetto (Spanish Edition)\"]\n",
      "\n",
      "[75, 'Sim Score: 0.4815', 'Book Title: Everything for You (Bergman Brothers Book 5)', 'Book Title: Rock Paper Scissors: A Novel']\n",
      "\n",
      "[76, 'Sim Score: 0.4808', 'Book Title: My Favorite Half-Night Stand', 'Book Title: My Killer Vacation']\n",
      "\n",
      "[77, 'Sim Score: 0.4798', 'Book Title: Wanna Bet?: An Interracial Romance (Dirty British Romance)', 'Book Title: You Had Me at Hola: A Novel']\n",
      "\n",
      "[78, 'Sim Score: 0.4782', 'Book Title: The Bride Test', 'Book Title: Wanna Bet?: An Interracial Romance (Dirty British Romance)']\n",
      "\n",
      "[79, 'Sim Score: 0.4779', 'Book Title: Everything for You (Bergman Brothers Book 5)', 'Book Title: La bailarina de Auschwitz: Una inspiradora historia de valentía y supervivencia (No Ficción) (Spanish Edition)']\n",
      "\n",
      "[80, 'Sim Score: 0.476', 'Book Title: Wanna Bet?: An Interracial Romance (Dirty British Romance)', 'Book Title: My Killer Vacation']\n",
      "\n",
      "[81, 'Sim Score: 0.4752', 'Book Title: Book Lovers', 'Book Title: Behind Closed Doors: A Novel']\n",
      "\n",
      "[82, 'Sim Score: 0.4728', 'Book Title: My Favorite Half-Night Stand', \"Book Title: Los niños de Irena / Irena's Children: The extraordinary Story of the Woman Who Saved 2.500 Children from the Warsaw Ghetto (Spanish Edition)\"]\n",
      "\n",
      "[83, 'Sim Score: 0.4682', 'Book Title: Just Last Night: A Novel', 'Book Title: Love on the Brain']\n",
      "\n",
      "[84, 'Sim Score: 0.4664', 'Book Title: Everything for You (Bergman Brothers Book 5)', 'Book Title: Behind Closed Doors: A Novel']\n",
      "\n",
      "[85, 'Sim Score: 0.466', 'Book Title: Behind Closed Doors: A Novel', 'Book Title: R for Data Science: Import, Tidy, Transform, Visualize, and Model Data']\n",
      "\n",
      "[86, 'Sim Score: 0.4653', 'Book Title: Wanna Bet?: An Interracial Romance (Dirty British Romance)', 'Book Title: Las montañas de Buda (OTROS LIB. EN EXISTENCIAS S.BARRAL) (Spanish Edition)']\n",
      "\n",
      "[87, 'Sim Score: 0.4648', 'Book Title: The Family Upstairs: A Novel', 'Book Title: R for Data Science: Import, Tidy, Transform, Visualize, and Model Data']\n",
      "\n",
      "[88, 'Sim Score: 0.4626', 'Book Title: Book Lovers', \"Book Title: Los niños de Irena / Irena's Children: The extraordinary Story of the Woman Who Saved 2.500 Children from the Warsaw Ghetto (Spanish Edition)\"]\n",
      "\n",
      "[89, 'Sim Score: 0.4625', 'Book Title: The Missed Connection', 'Book Title: R for Data Science: Import, Tidy, Transform, Visualize, and Model Data']\n",
      "\n",
      "[90, 'Sim Score: 0.4609', 'Book Title: Just Last Night: A Novel', \"Book Title: Los niños de Irena / Irena's Children: The extraordinary Story of the Woman Who Saved 2.500 Children from the Warsaw Ghetto (Spanish Edition)\"]\n",
      "\n",
      "[91, 'Sim Score: 0.4608', 'Book Title: The Missed Connection', 'Book Title: Love on the Brain']\n",
      "\n",
      "[92, 'Sim Score: 0.4583', \"Book Title: Los niños de Irena / Irena's Children: The extraordinary Story of the Woman Who Saved 2.500 Children from the Warsaw Ghetto (Spanish Edition)\", 'Book Title: Love on the Brain']\n",
      "\n",
      "[93, 'Sim Score: 0.4571', 'Book Title: Love on the Brain', 'Book Title: My Killer Vacation']\n",
      "\n",
      "[94, 'Sim Score: 0.4559', \"Book Title: Text Analytics with Python: A Practitioner's Guide to Natural Language Processing\", 'Book Title: Love on the Brain']\n",
      "\n",
      "[95, 'Sim Score: 0.452', 'Book Title: Rock Paper Scissors: A Novel', \"Book Title: Text Analytics with Python: A Practitioner's Guide to Natural Language Processing\"]\n",
      "\n",
      "[96, 'Sim Score: 0.4477', 'Book Title: Behind Closed Doors: A Novel', 'Book Title: Designing Data-Intensive Applications: The Big Ideas Behind Reliable, Scalable, and Maintainable Systems']\n",
      "\n",
      "[97, 'Sim Score: 0.4472', 'Book Title: The Family Upstairs: A Novel', 'Book Title: My Killer Vacation']\n",
      "\n",
      "[98, 'Sim Score: 0.4434', 'Book Title: The Bride Test', 'Book Title: Love on the Brain']\n",
      "\n",
      "[99, 'Sim Score: 0.441', 'Book Title: You Had Me at Hola: A Novel', \"Book Title: Los niños de Irena / Irena's Children: The extraordinary Story of the Woman Who Saved 2.500 Children from the Warsaw Ghetto (Spanish Edition)\"]\n",
      "\n",
      "[100, 'Sim Score: 0.4397', 'Book Title: My Favorite Half-Night Stand', 'Book Title: R for Data Science: Import, Tidy, Transform, Visualize, and Model Data']\n",
      "\n",
      "[101, 'Sim Score: 0.4388', \"Book Title: Los niños de Irena / Irena's Children: The extraordinary Story of the Woman Who Saved 2.500 Children from the Warsaw Ghetto (Spanish Edition)\", 'Book Title: My Killer Vacation']\n",
      "\n",
      "[102, 'Sim Score: 0.4383', 'Book Title: Designing Data-Intensive Applications: The Big Ideas Behind Reliable, Scalable, and Maintainable Systems', 'Book Title: Rock Paper Scissors: A Novel']\n",
      "\n",
      "[103, 'Sim Score: 0.4374', 'Book Title: Book Lovers', 'Book Title: My Killer Vacation']\n",
      "\n",
      "[104, 'Sim Score: 0.4333', 'Book Title: The Bride Test', 'Book Title: R for Data Science: Import, Tidy, Transform, Visualize, and Model Data']\n",
      "\n",
      "[105, 'Sim Score: 0.4311', 'Book Title: Storytelling with Data: A Data Visualization Guide for Business Professionals', 'Book Title: Rock Paper Scissors: A Novel']\n",
      "\n",
      "[106, 'Sim Score: 0.4305', 'Book Title: Rock Paper Scissors: A Novel', \"Book Title: Los niños de Irena / Irena's Children: The extraordinary Story of the Woman Who Saved 2.500 Children from the Warsaw Ghetto (Spanish Edition)\"]\n",
      "\n",
      "[107, 'Sim Score: 0.4304', 'Book Title: The Bride Test', 'Book Title: Python Crash Course, 2nd Edition: A Hands-On, Project-Based Introduction to Programming']\n",
      "\n",
      "[108, 'Sim Score: 0.4282', 'Book Title: The Bride Test', 'Book Title: My Favorite Half-Night Stand']\n",
      "\n",
      "[109, 'Sim Score: 0.424', 'Book Title: The Bride Test', \"Book Title: Text Analytics with Python: A Practitioner's Guide to Natural Language Processing\"]\n",
      "\n",
      "[110, 'Sim Score: 0.4224', 'Book Title: Wanna Bet?: An Interracial Romance (Dirty British Romance)', 'Book Title: La bailarina de Auschwitz: Una inspiradora historia de valentía y supervivencia (No Ficción) (Spanish Edition)']\n",
      "\n",
      "[111, 'Sim Score: 0.4211', 'Book Title: Storytelling with Data: A Data Visualization Guide for Business Professionals', 'Book Title: Love on the Brain']\n",
      "\n",
      "[112, 'Sim Score: 0.4206', 'Book Title: Just Last Night: A Novel', 'Book Title: R for Data Science: Import, Tidy, Transform, Visualize, and Model Data']\n",
      "\n",
      "[113, 'Sim Score: 0.4202', 'Book Title: The Family Upstairs: A Novel', 'Book Title: Designing Data-Intensive Applications: The Big Ideas Behind Reliable, Scalable, and Maintainable Systems']\n",
      "\n",
      "[114, 'Sim Score: 0.4195', 'Book Title: The Family Upstairs: A Novel', 'Book Title: Storytelling with Data: A Data Visualization Guide for Business Professionals']\n",
      "\n",
      "[115, 'Sim Score: 0.4193', 'Book Title: Behind Closed Doors: A Novel', \"Book Title: Los niños de Irena / Irena's Children: The extraordinary Story of the Woman Who Saved 2.500 Children from the Warsaw Ghetto (Spanish Edition)\"]\n",
      "\n",
      "[116, 'Sim Score: 0.4172', 'Book Title: The Missed Connection', 'Book Title: Wanna Bet?: An Interracial Romance (Dirty British Romance)']\n",
      "\n",
      "[117, 'Sim Score: 0.4169', 'Book Title: The Missed Connection', 'Book Title: Designing Data-Intensive Applications: The Big Ideas Behind Reliable, Scalable, and Maintainable Systems']\n",
      "\n",
      "[118, 'Sim Score: 0.4159', 'Book Title: Behind Closed Doors: A Novel', 'Book Title: Storytelling with Data: A Data Visualization Guide for Business Professionals']\n",
      "\n",
      "[119, 'Sim Score: 0.4154', 'Book Title: Wanna Bet?: An Interracial Romance (Dirty British Romance)', \"Book Title: Text Analytics with Python: A Practitioner's Guide to Natural Language Processing\"]\n",
      "\n",
      "[120, 'Sim Score: 0.4143', 'Book Title: My Favorite Half-Night Stand', 'Book Title: Designing Data-Intensive Applications: The Big Ideas Behind Reliable, Scalable, and Maintainable Systems']\n",
      "\n",
      "[121, 'Sim Score: 0.4119', 'Book Title: Designing Data-Intensive Applications: The Big Ideas Behind Reliable, Scalable, and Maintainable Systems', 'Book Title: Love on the Brain']\n",
      "\n",
      "[122, 'Sim Score: 0.411', 'Book Title: Storytelling with Data: A Data Visualization Guide for Business Professionals', 'Book Title: His & Hers: A Novel']\n",
      "\n",
      "[123, 'Sim Score: 0.4106', 'Book Title: The Missed Connection', 'Book Title: Storytelling with Data: A Data Visualization Guide for Business Professionals']\n",
      "\n",
      "[124, 'Sim Score: 0.4098', 'Book Title: Behind Closed Doors: A Novel', \"Book Title: Text Analytics with Python: A Practitioner's Guide to Natural Language Processing\"]\n",
      "\n",
      "[125, 'Sim Score: 0.4083', 'Book Title: Behind Closed Doors: A Novel', 'Book Title: Love on the Brain']\n",
      "\n",
      "[126, 'Sim Score: 0.4072', 'Book Title: His & Hers: A Novel', 'Book Title: R for Data Science: Import, Tidy, Transform, Visualize, and Model Data']\n",
      "\n",
      "[127, 'Sim Score: 0.4059', 'Book Title: Storytelling with Data: A Data Visualization Guide for Business Professionals', 'Book Title: Just Last Night: A Novel']\n",
      "\n",
      "[128, 'Sim Score: 0.4042', 'Book Title: The Missed Connection', 'Book Title: My Killer Vacation']\n",
      "\n",
      "[129, 'Sim Score: 0.4038', 'Book Title: Book Lovers', 'Book Title: Storytelling with Data: A Data Visualization Guide for Business Professionals']\n",
      "\n",
      "[130, 'Sim Score: 0.4037', 'Book Title: Book Lovers', 'Book Title: You Had Me at Hola: A Novel']\n",
      "\n",
      "[131, 'Sim Score: 0.4036', 'Book Title: Book Lovers', \"Book Title: Text Analytics with Python: A Practitioner's Guide to Natural Language Processing\"]\n",
      "\n",
      "[132, 'Sim Score: 0.4032', \"Book Title: Text Analytics with Python: A Practitioner's Guide to Natural Language Processing\", \"Book Title: Los niños de Irena / Irena's Children: The extraordinary Story of the Woman Who Saved 2.500 Children from the Warsaw Ghetto (Spanish Edition)\"]\n",
      "\n",
      "[133, 'Sim Score: 0.4004', 'Book Title: The Bride Test', 'Book Title: The Family Upstairs: A Novel']\n",
      "\n",
      "[134, 'Sim Score: 0.3975', 'Book Title: The Bride Test', \"Book Title: Los niños de Irena / Irena's Children: The extraordinary Story of the Woman Who Saved 2.500 Children from the Warsaw Ghetto (Spanish Edition)\"]\n",
      "\n",
      "[135, 'Sim Score: 0.3963', 'Book Title: The Missed Connection', 'Book Title: The Family Upstairs: A Novel']\n",
      "\n",
      "[136, 'Sim Score: 0.3961', 'Book Title: You Had Me at Hola: A Novel', 'Book Title: La bailarina de Auschwitz: Una inspiradora historia de valentía y supervivencia (No Ficción) (Spanish Edition)']\n",
      "\n",
      "[137, 'Sim Score: 0.3917', 'Book Title: R for Data Science: Import, Tidy, Transform, Visualize, and Model Data', \"Book Title: Los niños de Irena / Irena's Children: The extraordinary Story of the Woman Who Saved 2.500 Children from the Warsaw Ghetto (Spanish Edition)\"]\n",
      "\n",
      "[138, 'Sim Score: 0.3866', 'Book Title: Designing Data-Intensive Applications: The Big Ideas Behind Reliable, Scalable, and Maintainable Systems', 'Book Title: Just Last Night: A Novel']\n",
      "\n",
      "[139, 'Sim Score: 0.3864', 'Book Title: Python Crash Course, 2nd Edition: A Hands-On, Project-Based Introduction to Programming', 'Book Title: My Killer Vacation']\n",
      "\n",
      "[140, 'Sim Score: 0.3852', 'Book Title: The Missed Connection', 'Book Title: Behind Closed Doors: A Novel']\n",
      "\n",
      "[141, 'Sim Score: 0.3835', 'Book Title: Everything for You (Bergman Brothers Book 5)', 'Book Title: R for Data Science: Import, Tidy, Transform, Visualize, and Model Data']\n",
      "\n",
